-1.895636404439314333e+02
-1.478846946472251886e+02
-1.262459130975280459e+02
-1.107158732747426626e+02
-9.855365294711675972e+01
-8.893784099506190444e+01
-8.153775481392503366e+01
-7.600927023401261806e+01
-7.177808671393594864e+01
-6.858112656626815351e+01
-6.585900906311648839e+01
-6.373148212256941747e+01
-6.171086774817855058e+01
-6.011710256472803593e+01
-5.876493778357915687e+01
-5.726949773908044250e+01
-5.617417289692046012e+01
-5.504122935264489058e+01
-5.402954881340424009e+01
-5.307697534807861217e+01
-5.229755410267468818e+01
-5.131307711603708555e+01
-5.075643753744348885e+01
-4.986403728208432540e+01
-4.913581050624294733e+01
-4.863346645266446444e+01
-4.782131472930945648e+01
-4.718428368918425519e+01
-4.679136616326525200e+01
-4.615327275901668003e+01
-4.546831313400162600e+01
-4.504776642223556848e+01
-4.467842737108653495e+01
-4.408664313434965720e+01
-4.349256927358641889e+01
-4.310713987407014258e+01
-4.282643172405055054e+01
-4.238268915874344600e+01
-4.181647527932678798e+01
-4.133821617067415843e+01
-4.103478958579488278e+01
-4.075198836890617571e+01
-4.031338989763247582e+01
-3.979531858749131601e+01
-3.935767069721899247e+01
-3.906640333868702442e+01
-3.882169728470146453e+01
-3.845993960494853070e+01
-3.799947208014903310e+01
-3.755849197691708952e+01
-3.722761274627603001e+01
-3.700393021673060190e+01
-3.677484845364917732e+01
-3.644082351560269473e+01
-3.602528094167769979e+01
-3.561581983121324413e+01
-3.528997820565676591e+01
-3.506184636265343357e+01
-3.486580012916209625e+01
-3.459440711663723533e+01
-3.423453274564644033e+01
-3.383732150601059629e+01
-3.347811007655622006e+01
-3.320369099073536034e+01
-3.300729337847690203e+01
-3.280838421914944547e+01
-3.253360150891291624e+01
-3.218656132264863601e+01
-3.181664046282163838e+01
-3.148650914528218436e+01
-3.123031940860421685e+01
-3.104435054720735820e+01
-3.087665605359973853e+01
-3.065463858012786247e+01
-3.036262325177177601e+01
-3.002413494481250211e+01
-2.968859037987507676e+01
-2.940207589594832882e+01
-2.918432340036811823e+01
-2.902347921943971087e+01
-2.887068395119631603e+01
-2.866780476257491728e+01
-2.840239476759633064e+01
-2.809127992132238916e+01
-2.777400187416446897e+01
-2.749160020168940832e+01
-2.726937532000306774e+01
-2.710453835393306221e+01
-2.697593207875199894e+01
-2.683282891356368793e+01
-2.663857366411134109e+01
-2.638600692484451926e+01
-2.608886811005116613e+01
-2.578244391813144176e+01
-2.550293511769789134e+01
-2.527853912098912659e+01
-2.511104818854746412e+01
-2.498204393290698633e+01
-2.484080142015018922e+01
-2.464923960059039487e+01
-2.440009553862043745e+01
-2.410806265458536402e+01
-2.381205882149435737e+01
-2.353516930034649590e+01
-2.330993872217471718e+01
-2.314087328384442088e+01
-2.301481867034623718e+01
-2.289287328294608415e+01
-2.272901601834336205e+01
-2.250960758976190235e+01
-2.223988810740879174e+01
-2.196610566091412053e+01
-2.168295433316855281e+01
-2.142744873637468217e+01
-2.122611230277856720e+01
-2.107816882478922338e+01
-2.096023197085888157e+01
-2.081906779835410859e+01
-2.062487648990459732e+01
-2.037644801072516287e+01
-2.010455923485521978e+01
-1.990272038394869014e+01
-1.963376233049367414e+01
-1.937969566463500115e+01
-1.917887398356244333e+01
-1.903093298673512734e+01
-1.889435566629287067e+01
-1.871067876771326155e+01
-1.846963043633929402e+01
-1.821217858743103335e+01
-1.802321463914619315e+01
-1.795577866780645948e+01
-1.774908768085422750e+01
-1.748506973285406829e+01
-1.724465756231751357e+01
-1.706177514619042412e+01
-1.690428578953657990e+01
-1.670112071951450261e+01
-1.644175912364332248e+01
-1.618669049217290734e+01
-1.601955342783986325e+01
-1.596610256106325565e+01
-1.578031543397749381e+01
-1.550967126928295059e+01
-1.524450621948843931e+01
-1.504076514313297075e+01
-1.485357211778042696e+01
-1.460394576354334717e+01
-1.431644251899628806e+01
-1.408508304656368715e+01
-1.399701738810223084e+01
-1.388067563039935770e+01
-1.362494334278640729e+01
-1.332652934549313528e+01
-1.307794086132233780e+01
-1.286444573281610460e+01
-1.258730740697316008e+01
-1.228735563117635721e+01
-1.207434765762851647e+01
-1.199771123565196973e+01
-1.193443935730866023e+01
-1.172953938136992669e+01
-1.142630915496954103e+01
-1.113633242542100632e+01
-1.090013173196969376e+01
-1.060978473390770560e+01
-1.030206519425138545e+01
-1.009071054517147026e+01
-1.001227092668002072e+01
-9.980455387664001421e+00
-9.866136994645041014e+00
-9.618356907699226355e+00
-9.289355330095013130e+00
-9.000327976445595013e+00
-8.703154338617949293e+00
-8.368238071147354518e+00
-8.130986824861917484e+00
-8.023171200657470692e+00
-8.004267062174850622e+00
-7.992520882046743935e+00
-7.914183069684608718e+00
-7.718411187007989227e+00
-7.391522321795683581e+00
-7.055283657073282200e+00
-6.735257956807013002e+00
-6.360018779086845875e+00
-6.098591708460754823e+00
-6.005948707502315465e+00
-5.991204536356271149e+00
-5.921253506928290555e+00
-5.670377712237570478e+00
-5.272066954778885872e+00
-4.907767252117910317e+00
-4.476761478708419340e+00
-4.090906989428369833e+00
-3.980703913309464603e+00
-3.686229037477079640e+00
-3.196833528348105080e+00
-2.759914600479095093e+00
-2.211146850827571786e+00
-1.914428759765279153e+00
-1.354819517437255039e+00
-8.268084188297348813e-01
-1.752008215908483213e-01
3.837783326868127176e-01
1.024624643596514062e+00
1.716548446241717985e+00
2.485968667659352427e+00
3.176638668844975033e+00
4.011671648414675495e+00
4.865813217046588868e+00
5.659932887197635765e+00
6.648908139729217126e+00
7.508382097248728293e+00
8.585099125376389750e+00
9.510622938757210321e+00
1.065383432426870591e+01
1.166847263679619751e+01
1.287917994641273545e+01
1.406238262033091324e+01
1.529803712389014692e+01
1.672819790999468381e+01
1.810156391194877656e+01
1.953355536460879094e+01
2.109811781380168227e+01
2.278245582501405408e+01
2.452118290762042818e+01
2.634267279021452879e+01
2.824354643915234675e+01
3.026077142566055045e+01
3.240389610563277500e+01
3.466034491087152958e+01
3.697429749791018594e+01
3.940304340884361523e+01
4.204908047039153729e+01
4.483283525649719792e+01
4.778458895912260829e+01
5.107337262348669782e+01
5.467110549023977484e+01
5.868623796748808985e+01
6.321738104877606901e+01
6.867410892932959143e+01
7.496478843697595096e+01
8.230043770912202206e+01
9.084586190850805565e+01
1.011906264039992607e+02
1.141901426485051587e+02
1.313097401505197581e+02
1.564949754873881602e+02
1.928383683212279038e+02
2.424556299774862396e+02
3.065732964345873484e+02
3.968047526471992796e+02
5.208900035839542397e+02
1.107561208939161816e+03
