-6.200633391596530828e+02
-5.608063903723630119e+02
-5.169638598833846572e+02
-4.405287647550211432e+02
-4.014253993161851213e+02
-3.739349701981283260e+02
-3.690132626051194507e+02
-3.668898501677501258e+02
-3.573952372887653155e+02
-3.493512649710367555e+02
-3.420772658487366016e+02
-3.364437914983421933e+02
-3.312518459813878735e+02
-3.259759782111451614e+02
-3.192470275715841694e+02
-3.101773138608692761e+02
-3.003723369125291924e+02
-2.909049081380479720e+02
-2.815518870049014595e+02
-2.715019681951955590e+02
-2.604027050652701973e+02
-2.488735237244733298e+02
-2.377251306513090015e+02
-2.274051433546089527e+02
-2.180151157686445060e+02
-2.094242257323502656e+02
-2.014411910499050578e+02
-1.938735074942577796e+02
-1.864959637328038866e+02
-1.793248632961213787e+02
-1.727105681294483190e+02
-1.669139117621051867e+02
-1.620376982282117524e+02
-1.578938142119579311e+02
-1.542432899171229224e+02
-1.509338011420850307e+02
-1.479149819383390252e+02
-1.450990610271333310e+02
-1.424206890643331747e+02
-1.399663364224146846e+02
-1.374883513471537810e+02
-1.349893297344504504e+02
-1.324570779955107582e+02
-1.299047103082894239e+02
-1.273036803990236194e+02
-1.246760641522613753e+02
-1.220300777675273167e+02
-1.193392097091513904e+02
-1.166348867060039254e+02
-1.139202071127597407e+02
-1.113126485139626425e+02
-1.087963213744618542e+02
-1.064047139813605156e+02
-1.041972376083275265e+02
-1.020724910239446359e+02
-1.001536307287306755e+02
-9.830713822289067139e+01
-9.658890103503937041e+01
-9.500099157699561658e+01
-9.341308211895187696e+01
-9.201105172008762167e+01
-9.063278399091821314e+01
-8.925451626174879038e+01
-8.803080973878965665e+01
-8.682809698780397412e+01
-8.562538423681829158e+01
-8.447085074024215601e+01
-8.337880056301926857e+01
-8.228675038579638112e+01
-8.119470020857346526e+01
-8.013652000489865657e+01
-7.909729061688405238e+01
-7.805806122886943399e+01
-7.701883184085480138e+01
-7.602258626955092780e+01
-7.504905794936377106e+01
-7.407552962917660011e+01
-7.310200130898942916e+01
-7.214376390580143550e+01
-7.120863860729545536e+01
-7.027351330878946101e+01
-6.933838801028346666e+01
-6.840326271177747230e+01
-6.750394259795636742e+01
-6.660583207905064285e+01
-6.570772156014491827e+01
-6.480961104123919370e+01
-6.391422755314203386e+01
-6.302382356490242898e+01
-6.213341957666280990e+01
-6.124301558842320503e+01
-6.035261160018360016e+01
-5.945408100238414306e+01
-5.855207533180957569e+01
-5.765006966123502252e+01
-5.674806399066046936e+01
-5.584351927752306466e+01
-5.491776849045117359e+01
-5.399201770337929673e+01
-5.306626691630741988e+01
-5.214051612923554302e+01
-5.118541786189621945e+01
-5.021317323442562497e+01
-4.924092860695502338e+01
-4.826868397948442890e+01
-4.727524289203734043e+01
-4.624563755548984290e+01
-4.521603221894233826e+01
-4.418642688239484073e+01
-4.315490573115208406e+01
-4.211975165778137153e+01
-4.108459758441065901e+01
-4.004944351103994649e+01
-3.901795696098692190e+01
-3.799350839606760388e+01
-3.696905983114827876e+01
-3.594461126622895364e+01
-3.493838842970491498e+01
-3.397508626709976909e+01
-3.301178410449461609e+01
-3.204848194188946309e+01
-3.108517977928430298e+01
-3.018918258935159216e+01
-2.929339995553302600e+01
-2.839761732171445985e+01
-2.750183468789587948e+01
-2.663954702381026607e+01
-2.583395697523976153e+01
-2.502836692666925344e+01
-2.422277687809874891e+01
-2.341718682952824082e+01
-2.263453226283001385e+01
-2.192950869955897630e+01
-2.122448513628793876e+01
-2.051946157301690477e+01
-1.981443800974586722e+01
-1.910941444647482967e+01
-1.840597429931616702e+01
-1.770546062753952654e+01
-1.700494695576286475e+01
-1.630443328398622427e+01
-1.560391961220958024e+01
-1.490340594043293976e+01
-1.422278747928040588e+01
-1.356787382138786313e+01
-1.291296016349532039e+01
-1.225804650560277764e+01
-1.160313284771021536e+01
-1.094821918981767261e+01
-1.029500337781925978e+01
-9.655571785925634032e+00
-9.016140194032008282e+00
-8.376708602138382531e+00
-7.737277010244758557e+00
-7.097845418351132807e+00
-6.458413826457489293e+00
-5.832197418797313127e+00
-5.213747291724166288e+00
-4.595297164651019450e+00
-3.976847037577873056e+00
-3.358396910504726218e+00
-2.739946783431579380e+00
-2.121496656358432986e+00
-1.504638756674068656e+00
-8.879003301507932822e-01
-2.711619036275176864e-01
3.455765228957576873e-01
9.623149494190332831e-01
1.579053375942308879e+00
2.194238240984934585e+00
2.803647145965055820e+00
3.413056050945194819e+00
4.022464955925316943e+00
4.631873860905438178e+00
5.241282765885559414e+00
5.850691670865681537e+00
6.498631267359955110e+00
7.201354076722385145e+00
7.904076886084815179e+00
8.606799695447264753e+00
9.309522504809695675e+00
1.001224531417212482e+01
1.075681188778488284e+01
1.154051600839372682e+01
1.232422012900257080e+01
1.310792424961141656e+01
1.389162837022026054e+01
1.469150103207574709e+01
1.554557453019791247e+01
1.639964802832007607e+01
1.725372152644224144e+01
1.810779502456440682e+01
1.899901044429593000e+01
1.995123141937190070e+01
2.090345239444787495e+01
2.185567336952387407e+01
2.280924252311456613e+01
2.381115583602681696e+01
2.481306914893906423e+01
2.581498246185131507e+01
2.681689577476356590e+01
2.782387591076187050e+01
2.883147178259276444e+01
2.983906765442368680e+01
3.084666352625458074e+01
3.185235261344830349e+01
3.285750226414667452e+01
3.386265191484503845e+01
3.486780156554340238e+01
3.604439193221803350e+01
3.731036286041045713e+01
3.857633378860291629e+01
3.997877611099665529e+01
4.159976278920772330e+01
4.322074946741878421e+01
4.488476258610315028e+01
4.655769393391017985e+01
4.836213484401368845e+01
5.040911555505720543e+01
5.264809304404717238e+01
5.528144469599905619e+01
5.815709816907829577e+01
6.121906117937530212e+01
6.450257678755431812e+01
6.805807518874607354e+01
7.184005909357836117e+01
7.591793222360763593e+01
8.043268744673356707e+01
8.560325046435752938e+01
9.146839286599245611e+01
9.804018035155888811e+01
1.053642254999145109e+02
1.132686647350622593e+02
1.203840161955989885e+02
1.280175326044515316e+02
1.350458674139476329e+02
1.412538446516979889e+02
1.469999209538685818e+02
1.542480497335005509e+02
1.642079924987169761e+02
1.762934160405157797e+02
1.921114845044002948e+02
2.124984995609264615e+02
2.377213034240428442e+02
2.670581172050919463e+02
3.039495636918833270e+02
3.462243974266828559e+02
3.743000592811417278e+02
4.096797130362000416e+02
4.414083158943628291e+02
4.658912886352052851e+02
5.079883308413910186e+02
5.875177499793126117e+02
6.147572505466820303e+02
2.019900070772769823e+03
